MALOLOS-SECTION 157001-INICIO 
* Tipo de seccion 
secc defaultdict(<class 'dict'>, {}) 
* Unidades a emplear. Opciones: tm - knm - lbin
unid knm 
* Normativa a emplear. Opciones: ehe  asashto 
norm aashto 
* Coeficientes de seguridad EHE o coeficientes phi AASHTO. No es obligatoria 
coef horm nan arma nan pret nan 
phi 0.75 0.9 
* Puntos 
punt 
1 5150.0 0.0 
2 5150.0 -0.25 
3 4250.0 -0.25 
4 3000.0 -0.525 
5 3000.0 -3036.0 
6 -3000.0 -3036.0 
7 -3000.0 -0.525 
8 -4250.0 -0.25 
9 -5150.0 -0.25 
10 -5150.0 0.0 
11 1400.0 -0.25 
12 2650.0 -0.525 
13 2650.0 -2626.0 
14 2500.0 -2776.0 
15 -2500.0 -2776.0 
16 -2650.0 -2626.0 
17 -2650.0 -0.525 
18 -1400.0 -0.25 
19 -5088.0 -0.069 
20 -3138.0 -0.069 
21 -2934.0 -0.069 
22 -2711.0 -0.069 
23 -2625.0 -0.069 
24 2625.0 -0.069 
25 2711.0 -0.069 
26 2934.0 -0.069 
27 3138.0 -0.069 
28 5088.0 -0.069 
29 5088.0 -0.204 
30 4038.0 -0.204 
31 3933.0 -0.261 
32 3054.0 -0.455 
33 2934.0 -0.557 
34 2934.0 -2807.0 
35 2934.0 -2974.0 
36 2711.0 -2974.0 
37 2625.0 -2974.0 
38 -2625.0 -2974.0 
39 -2711.0 -2974.0 
40 -2934.0 -2974.0 
41 -2934.0 -2807.0 
42 -2934.0 -0.557 
43 -3054.0 -0.4548 
44 -3933.0 -0.261 
45 -4038.0 -0.204 
46 -5088.0 -0.204 
47 -1425.0 -0.193 
48 1425.0 -0.193 
49 15707.0 -0.229 
50 2596.0 -0.4548 
51 2711.0 -0.557 
52 2711.0 -2807.0 
53 2625.0 -2833.0 
54 -2625.0 -2833.0 
55 -2711.0 -2807.0 
56 -2711.0 -0.557 
57 -2596.0 -0.4548 
58 -15707.0 -0.229 
59 -3438.0 -0.125 
60 -3225.0 -0.225 
61 -2425.0 -0.225 
62 -2212.0 -0.125 
63 3438.0 -0.125 
64 3225.0 -0.225 
65 2425.0 -0.225 
66 2212.0 -0.125 
* Definición del hormigón: fck, modulo de elasticidad. Este último es obligatorio 
horm 50000.0 
1 2 3 4 5.0 6.0 7.0 8.0 9.0 10.0 
hp 11 12 13 14 15 16 17 18 
* Definicion del acero pasivo: fyk 
arma 420000.0 
59 0.00225 
60 0.00225 
61 0.00225 
62 0.00225 
63 0.00225 
64 0.00225 
65 0.00225 
66 0.00225 
19 20 14 0.000113 
21 22 3 0.000314 
23 24 36 0.000113 
25 26 3 0.000314159 
27 28 14 0.000113 
29 30 8 0.000113 
31 32 7 0.000113 
33 34 16 0.000113 
35 36 3 0.000314159 
37 38 36 0.000113 
39 40 3 0.000314159 
41 42 16 0.000113 
43 44 7 0.000113 
45 46 8 0.000113 
47 48 20 0.000113 
49 50 8 0.000113 
51 52 16 0.000113 
53 54 36 0.000113 
55 56 16 0.000113 
57 58 8 0.000113 
pret 1670000.0 1395000.0 
calc inte vert 
547.0 4510.0 0.0 
547.0 4510.0 0.0 
547.0 2706.0 0.0 
547.0 4589.0 0.0 
547.0 4510.0 0.0 
547.0 4510.0 0.0 
498.0 3957.0 0.0 
498.0 3957.0 0.0 
498.0 2389.0 0.0 
498.0 3957.0 0.0 
498.0 3957.0 0.0 
498.0 3957.0 0.0 
1035.0 2129.0 -285.0 
-40.0 5785.0 285.0 
1035.0 2129.0 -285.0 
-40.0 5816.0 285.0 
670.0 3353.0 -832.0 
326.0 4561.0 832.0 
736.0 6559.0 7.0 
711.0 5952.0 -1.0 
718.0 2584.0 0.0 
729.0 6563.0 5.0 
716.0 6517.0 -2.0 
731.0 5994.0 8.0 
656.0 5586.0 0.0 
656.0 5586.0 0.0 
656.0 2661.0 0.0 
656.0 5586.0 0.0 
656.0 5586.0 0.0 
656.0 5586.0 0.0 
2191.0 -1820.0 -5806.0 
-878.0 12853.0 5808.0 
2184.0 -2055.0 -5809.0 
-871.0 13088.0 5811.0 
1135.0 3240.0 -15493.0 
178.0 7792.0 15495.0 
2002.0 -29120.0 -5.0 
1972.0 -30865.0 -4.0 
1975.0 -30936.0 -5.0 
2000.0 -29049.0 -5.0 
1999.0 -29154.0 -6.0 
1975.0 -30831.0 -4.0 
1813.0 -26771.0 -5.0 
1813.0 -26771.0 -5.0 
1813.0 -26771.0 -5.0 
1813.0 -26771.0 -5.0 
1813.0 -26771.0 -5.0 
1813.0 -26771.0 -5.0 
3197.0 -60022.0 -5403.0 
423.0 6061.0 5394.0 
3187.0 -60720.0 -5403.0 
434.0 6759.0 5393.0 
2265.0 -37141.0 -15358.0 
1356.0 -16820.0 15349.0 
fin